

транспонируй таблицу
"Структура продукции сельского хозяйства по категориям хозяйств по Российской Федерации
(в фактически действовавших ценах; в процентах от хозяйств всех категорий)"	
сделай года строками																																				
года	1990	1991	1992	1993	1994	1995	1996	1997	1998	1999	2000	2001	2002	2003	2004	2005	2006	2007	2008	2009	2010	2011	2012	2013	2014	2015	2016	2017	2018	2019	2020	2021	2022 	2023 	2024	2025
колонки       в том числе:
сельскохозяйственные организации
хозяйства населения
крестьянские (фермерские) хозяйства3)

Хозяйства всех категорий	100	100	100	100	100	100	100	100	100	100	100	100	100	100	100	100	100	100	100	100	100	100	100	100	100	100	100	100	100	100	100	100	100	100	100	100
      в том числе:																																				
сельскохозяйственные организации	73,7	68,8	67,1	57,0	54,5	50,2	49,4	47,4	40,4	42,6	45,2	45,9	42,3	42,6	45,8	44,6	44,9	47,1	48,0	45,7	44,8	48,2	49,1	49,2	51,7	54,0	55,1	55,2	56,5	57,7	58,5	59,5	60,1	59,9	60,4	61,0
хозяйства населения	26,3	31,2	31,8	39,9	43,8	47,9	48,6	50,2	57,4	54,8	51,6	50,2	53,8	52,5	47,9	49,3	48,0	45,0	43,6	46,8	48,0	42,8	42,0	41,0	38,1	34,5	32,5	32,4	31,0	28,6	26,6	25,1	24,1	25,3	25,4	24,7
крестьянские (фермерские) хозяйства3)	…	…	1,1	3,1	1,7	1,9	2,0	2,4	2,2	2,6	3,2	3,9	3,9	4,9	6,3	6,1	7,1	7,9	8,4	7,5	7,2	9,0	8,9	9,8	10,2	11,5	12,4	12,4	12,5	13,7	14,9	15,4	15,8	14,8	14,2	14,3
